0,28,1
0,40,1
1,28,1
1,40,1
2,28,1
2,40,1
3,28,1
3,40,1
4,28,1
4,40,1
5,40,1
6,40,1
7,40,1
8,28,1
8,40,1
9,28,1
9,40,1
10,28,1
10,40,1
11,28,1
11,40,1
12,28,1
13,40,1
14,28,1
15,40,1
16,28,1
17,40,1
18,28,1
19,45,1
20,33,1
21,45,1
22,33,1
23,43,1
24,31,1
25,43,1
26,31,1
37,38,1
38,28,1
38,40,1
39,28,1
40,40,1
41,28,1
42,40,1
43,28,1
44,38,1
45,28,1
46,40,1
47,28,1
48,40,1
49,28,1
50,40,1
51,45,1
52,33,1
53,45,1
54,33,1
55,43,1
56,31,1
57,43,1
58,31,1
59,38,1
60,28,1
61,40,1
62,28,1
63,40,1
64,28,1
65,40,1
66,28,1
67,38,1
68,28,1
69,40,1
70,28,1
71,40,1
72,28,1
73,40,1
74,28,1
75,38,1
76,28,1
77,40,1
78,28,1
79,40,1
80,28,1
81,40,1
82,28,1
83,45,1
84,33,1
85,45,1
86,33,1
87,43,1
88,31,1
89,43,1
90,31,1
91,38,1
92,28,1
93,40,1
94,28,1
95,40,1
96,28,1
97,40,1
98,28,1
99,38,1
100,28,1
101,40,1
102,28,1
103,40,1
104,28,1
105,40,1
106,28,1
107,38,1
108,28,1
109,40,1
110,28,1
111,40,1
112,28,1
113,40,1
114,28,1
115,45,1
116,33,1
117,45,1
118,33,1
119,43,1
120,31,1
121,38,1
122,28,1
123,40,1
124,28,1
125,40,1
126,28,1
127,40,1
128,28,1
129,38,1
130,28,1
131,40,1
132,28,1
133,40,1
134,28,1
135,40,1
136,28,1
137,38,1
138,40,1
139,40,1
140,40,1
141,40,1
142,40,1
143,40,1
144,40,1
145,40,1
146,40,1
147,40,1
148,40,1
149,40,1
150,40,1
151,40,1
152,40,1
153,40,1
154,28,1
155,40,1
156,28,1
157,40,1
158,28,1
159,40,1
160,28,1
161,40,1
162,28,1
163,40,1
164,28,1
165,40,1
166,28,1
167,40,1
168,28,1
169,40,1
170,28,1
171,40,1
172,28,1
173,40,1
174,28,1
175,40,1
176,28,1
177,40,1
178,28,1
179,40,1
180,28,1
181,40,1
182,28,1
183,40,1
184,28,1
185,40,1
186,52,1
187,52,1
188,52,1
189,52,1
190,52,1
191,52,1
192,52,1
193,52,1
194,52,1
195,52,1
196,52,1
197,52,1
198,52,1
199,52,1
200,52,1
201,52,1
202,52,1
203,40,1
204,40,1
205,40,1
206,40,1
207,40,1
208,40,1
209,40,1
210,40,1
211,40,1
212,40,1
213,40,1
214,40,1
215,28,1
215,40,1
216,28,1
216,40,1
217,28,1
217,40,1
218,28,1
218,40,1
219,28,1
219,40,1
220,28,1
220,40,1
221,28,1
221,40,1
222,28,1
222,40,1
223,28,1
223,40,1
224,28,1
224,40,1
225,28,1
225,40,1
226,28,1
226,40,1
227,28,1
227,40,1
228,28,1
228,40,1
229,28,1
229,40,1
230,28,1
231,28,1
232,28,1
233,28,1
234,28,1
235,40,1
236,40,1
237,40,1
238,40,1
239,40,1
240,40,1
241,40,1
242,40,1
243,40,1
244,40,1
245,40,1
246,40,1
247,28,1
247,40,1
248,40,1
249,40,1
250,40,1
251,40,1
252,40,1
253,40,1
254,40,1
255,40,1
256,28,1
256,40,1
257,40,1
258,40,1
259,28,1
259,40,1
260,40,1
261,40,1
262,28,1
262,40,1
263,40,1
264,40,1
265,28,1
265,40,1
266,40,1
267,40,1
268,28,1
268,40,1
269,40,1
270,40,1
271,28,1
271,40,1
272,40,1
273,40,1
274,28,1
274,40,1
275,40,1
276,40,1
277,28,1
277,40,1
278,40,1
279,40,1
280,28,1
281,40,1
282,40,1
283,40,1
284,28,1
284,40,1
285,40,1
286,40,1
287,28,1
287,40,1
288,40,1
289,40,1
290,28,1
290,40,1
291,40,1
292,40,1
293,28,1
294,40,1
295,40,1
296,40,1
297,28,1
297,40,1
298,40,1
299,28,1
299,40,1
300,40,1
301,28,1
301,40,1
302,40,1
303,28,1
303,40,1
304,40,1
305,28,1
305,40,1
306,28,1
306,40,1
307,28,1
307,40,1
308,28,1
308,40,1
309,28,1
309,40,1
310,28,1
310,40,1
311,28,1
311,40,1
312,28,1
313,28,1
314,28,1
315,28,1
316,28,1
317,33,1
318,33,1
319,33,1
320,31,1
321,31,1
322,31,1
323,26,1
324,28,1
325,28,1
326,28,1
327,28,1
328,28,1
329,33,1
330,28,1
331,28,1
332,28,1
333,28,1
334,28,1
335,28,1
336,33,1
337,28,1
338,28,1
339,28,1
340,28,1
341,28,1
342,28,1
343,33,1
344,33,1
345,33,1
346,31,1
347,31,1
348,31,1
349,26,1
350,28,1
351,28,1
352,28,1
353,28,1
354,28,1
355,33,1
356,28,1
357,28,1
358,28,1
359,28,1
360,28,1
361,33,1
362,28,1
363,40,1
364,28,1
365,40,1
366,28,1
367,40,1
368,28,1
369,45,1
370,33,1
371,45,1
372,33,1
373,43,1
374,31,1
375,43,1
376,31,1
377,38,1
378,28,1
379,40,1
380,28,1
381,40,1
382,28,1
383,40,1
384,28,1
385,38,1
386,28,1
387,40,1
388,28,1
389,40,1
390,28,1
391,40,1
392,28,1
393,38,1
394,28,1
395,40,1
396,28,1
397,40,1
398,28,1
399,40,1
400,28,1
401,45,1
402,33,1
403,45,1
404,33,1
405,43,1
406,31,1
407,43,1
408,31,1
409,38,1
410,28,1
411,40,1
412,28,1
413,40,1
414,28,1
415,40,1
416,28,1
417,38,1
418,28,1
419,40,1
420,28,1
421,40,1
422,28,1
423,40,1
424,28,1
425,38,1
426,52,1
427,52,1
428,52,1
429,52,1
430,52,1
431,52,1
432,52,1
433,52,1
434,52,1
435,52,1
436,52,1
437,52,1
438,52,1
439,52,1
440,52,1
441,52,1
442,40,1
443,40,1
444,40,1
445,40,1
446,40,1
447,40,1
448,40,1
449,40,1
450,40,1
451,40,1
452,40,1
453,40,1
454,28,1
454,40,1
455,28,1
455,40,1
456,28,1
456,40,1
457,28,1
457,40,1
458,40,1
458,52,1
459,40,1
459,52,1
460,40,1
460,52,1
461,40,1
461,52,1
462,64,1
463,64,1
464,69,1
465,67,1
466,62,1
467,64,1
468,64,1
469,69,1
470,64,1
471,64,1
472,69,1
473,64,1
474,64,1
475,57,1
476,55,1
477,50,1
478,52,1
479,52,1
480,45,1
481,40,1
482,28,1
483,28,1
484,28,1
485,28,1
486,28,1
487,33,1
488,33,1
489,33,1
490,28,1
491,28,1
492,28,1
493,28,1
494,28,1
495,28,1
496,35,1
497,28,1
498,28,1
499,28,1
500,28,1
501,28,1
502,35,1
503,28,1
504,28,1
505,28,1
506,28,1
507,28,1
508,35,1
509,35,1
510,35,1
511,43,1
512,43,1
513,43,1
514,28,1
0,52,2
0,55,2
0,59,2
1,52,2
1,55,2
1,59,2
2,52,2
2,55,2
2,59,2
3,52,2
3,55,2
3,59,2
4,52,2
4,55,2
4,59,2
5,57,2
5,60,2
5,64,2
6,52,2
6,55,2
6,59,2
7,52,2
7,55,2
7,59,2
8,52,2
8,55,2
8,59,2
9,52,2
9,55,2
9,59,2
10,52,2
10,55,2
10,59,2
11,57,2
11,60,2
11,64,2
12,52,2
12,55,2
12,59,2
13,52,2
13,55,2
13,59,2
14,52,2
14,55,2
14,59,2
15,52,2
15,55,2
15,59,2
16,52,2
16,55,2
16,59,2
17,57,2
17,60,2
17,64,2
18,57,2
18,60,2
18,64,2
19,57,2
19,60,2
19,64,2
20,57,2
20,59,2
20,62,2
21,57,2
21,59,2
21,62,2
22,57,2
22,59,2
22,62,2
23,50,2
23,54,2
23,57,2
24,52,2
24,55,2
24,59,2
25,52,2
25,55,2
25,59,2
26,52,2
26,55,2
26,59,2
27,52,2
27,55,2
27,59,2
28,52,2
28,55,2
28,59,2
29,57,2
29,60,2
29,64,2
30,52,2
30,55,2
30,59,2
31,52,2
31,55,2
31,59,2
32,52,2
32,55,2
32,59,2
33,52,2
33,55,2
33,59,2
34,52,2
34,55,2
34,59,2
35,57,2
35,60,2
35,64,2
36,52,2
36,55,2
36,59,2
37,52,2
37,55,2
37,59,2
38,52,2
38,55,2
38,59,2
39,52,2
39,55,2
39,59,2
40,52,2
40,55,2
40,59,2
41,57,2
41,60,2
41,64,2
42,57,2
42,60,2
42,64,2
43,57,2
43,60,2
43,64,2
44,50,2
44,54,2
44,57,2
45,52,2
45,55,2
45,59,2
46,52,2
46,55,2
46,59,2
47,52,2
47,55,2
47,59,2
48,52,2
48,55,2
48,59,2
49,52,2
49,55,2
49,59,2
50,57,2
50,60,2
50,64,2
51,52,2
51,55,2
51,59,2
52,52,2
52,55,2
52,59,2
53,52,2
53,55,2
53,59,2
54,52,2
54,55,2
54,59,2
55,52,2
55,55,2
55,59,2
56,57,2
56,60,2
56,64,2
54,52,2
54,55,2
54,59,2
55,52,2
55,55,2
55,59,2
54,52,2
54,55,2
54,59,2
55,52,2
55,55,2
55,59,2
56,52,2
56,55,2
56,59,2
57,52,2
57,55,2
57,59,2
58,52,2
58,55,2
58,59,2
59,52,2
59,55,2
59,59,2
60,52,2
60,55,2
60,59,2
61,52,2
61,55,2
61,59,2
62,52,2
62,55,2
62,59,2
63,52,2
63,55,2
63,59,2
64,52,2
64,55,2
64,59,2
65,52,2
65,55,2
65,59,2
66,52,2
66,55,2
66,59,2
67,52,2
67,55,2
67,59,2
68,52,2
68,55,2
68,59,2
69,52,2
69,55,2
69,59,2
70,52,2
70,55,2
70,59,2
71,52,2
71,55,2
71,59,2
72,52,2
72,55,2
72,59,2
73,52,2
73,55,2
73,59,2
74,52,2
74,55,2
74,59,2
75,52,2
75,55,2
75,59,2
76,52,2
76,55,2
76,59,2
77,52,2
77,55,2
77,59,2
78,52,2
78,55,2
78,59,2
79,55,2
79,59,2
80,55,2
80,59,2
81,55,2
81,59,2
82,60,2
82,64,2
83,60,2
83,64,2
84,59,2
84,62,2
85,54,2
85,57,2
86,55,2
86,59,2
87,55,2
87,59,2
88,55,2
88,59,2
89,54,2
89,57,2
90,55,2
90,59,2
91,55,2
91,59,2
92,55,2
92,59,2
93,54,2
93,57,2
94,52,2
94,55,2
94,59,2
95,52,2
95,55,2
95,59,2
96,52,2
96,55,2
96,59,2
97,57,2
97,60,2
97,64,2
98,57,2
98,60,2
98,64,2
99,55,2
99,58,2
99,62,2
100,55,2
100,58,2
100,62,2
101,50,2
101,54,2
101,57,2
102,52,2
102,55,2
102,59,2
103,52,2
103,55,2
103,59,2
104,52,2
104,55,2
104,59,2
105,50,2
105,54,2
105,57,2
106,52,2
106,55,2
106,59,2
107,52,2
107,55,2
107,59,2
108,52,2
108,55,2
108,59,2
109,50,2
109,54,2
109,57,2
110,52,2
110,55,2
110,59,2
111,52,2
111,55,2
111,59,2
112,52,2
112,55,2
112,59,2
113,52,2
113,59,2
113,62,2
114,52,2
114,55,2
114,59,2
115,52,2
115,55,2
115,59,2
116,52,2
116,55,2
116,59,2
117,52,2
117,59,2
117,62,2
118,52,2
118,55,2
118,59,2
119,52,2
119,55,2
119,59,2
120,52,2
120,55,2
120,59,2
121,52,2
121,59,2
121,62,2
122,52,2
122,59,2
122,62,2
123,52,2
123,59,2
123,62,2
124,52,2
124,59,2
124,62,2
125,52,2
125,54,2
125,57,2
126,55,2
126,59,2
127,55,2
127,59,2
128,55,2
128,59,2
129,59,2
129,62,2
130,55,2
130,59,2
131,55,2
131,59,2
132,55,2
132,59,2
133,59,2
133,62,2
134,55,2
134,59,2
135,55,2
135,59,2
136,55,2
136,59,2
137,59,2
137,62,2
138,59,2
138,62,2
139,59,2
139,62,2
140,59,2
140,62,2
141,55,2
141,57,2
142,52,2
142,55,2
142,59,2
143,52,2
143,55,2
143,59,2
144,52,2
144,55,2
144,59,2
145,52,2
145,59,2
145,62,2
146,52,2
146,55,2
146,59,2
147,52,2
147,55,2
147,59,2
148,52,2
148,55,2
148,59,2
149,52,2
149,59,2
149,62,2
150,52,2
150,55,2
150,59,2
151,52,2
151,55,2
151,59,2
152,52,2
152,55,2
152,59,2
153,52,2
153,59,2
153,62,2
154,52,2
154,55,2
154,59,2
155,52,2
155,55,2
155,59,2
156,52,2
156,55,2
156,59,2
157,52,2
157,59,2
157,62,2
158,52,2
158,55,2
158,59,2
159,52,2
159,55,2
159,59,2
160,52,2
160,55,2
160,59,2
161,52,2
161,55,2
161,59,2
162,52,2
162,59,2
163,55,2
163,62,2
164,52,2
164,59,2
165,55,2
165,62,2
166,52,2
166,59,2
167,55,2
167,62,2
168,52,2
168,59,2
169,55,2
169,62,2
170,52,2
170,59,2
171,55,2
171,62,2
172,52,2
172,59,2
173,55,2
173,62,2
174,52,2
174,59,2
175,55,2
175,62,2
176,52,2
176,59,2
177,55,2
177,62,2
178,64,2
179,40,2
180,40,2
181,40,2
182,40,2
183,40,2
184,40,2
185,40,2
186,40,2
187,40,2
188,40,2
189,40,2
190,40,2
191,40,2
192,40,2
193,40,2
194,40,2
195,40,2
196,40,2
197,40,2
198,40,2
199,40,2
200,40,2
201,40,2
202,40,2
203,40,2
204,40,2
205,40,2
206,40,2
207,40,2
208,40,2
209,40,2
210,40,2
211,40,2
212,40,2
213,40,2
214,40,2
215,40,2
216,40,2
217,40,2
218,40,2
219,40,2
220,40,2
221,40,2
222,40,2
223,40,2
224,40,2
225,40,2
226,40,2
227,40,2
228,40,2
229,40,2
230,40,2
231,40,2
232,40,2
233,40,2
234,40,2
235,40,2
236,40,2
237,40,2
238,40,2
239,40,2
240,40,2
241,40,2
242,40,2
243,40,2
244,40,2
245,40,2
246,40,2
247,40,2
248,40,2
249,40,2
250,40,2
251,40,2
252,28,2
253,40,2
254,28,2
255,40,2
256,28,2
257,40,2
258,28,2
259,40,2
260,28,2
261,45,2
262,45,2
263,33,2
264,45,2
265,33,2
266,43,2
367,43,2
368,31,2
369,43,2
370,31,2
371,38,2
372,40,2
373,28,2
374,40,2
375,28,2
376,40,2
377,40,2
378,28,2
379,40,2
380,28,2
381,45,2
382,40,2
383,28,2
384,40,2
385,28,2
386,40,2
387,40,2
388,28,2
389,40,2
390,45,2
391,40,2
392,28,2
393,40,2
394,28,2
395,40,2
396,40,2
397,28,2
398,40,2
399,45,2
400,45,2
401,30,2
402,45,2
403,30,2
404,43,2
405,43,2
406,28,2
407,43,2
408,28,2
409,38,2
410,40,2
411,28,2
412,40,2
413,28,2
414,40,2
415,40,2
416,28,2
417,40,2
418,28,2
419,45,2
420,40,2
421,28,2
422,40,2
423,28,2
424,40,2
425,40,2
426,28,2
427,40,2
428,28,2
429,45,2
430,55,2
430,59,2
431,55,2
431,59,2
432,55,2
432,59,2
433,60,2
433,64,2
434,60,2
434,64,2
435,59,2
435,64,2
436,54,2
436,57,2
437,55,2
437,59,2
438,55,2
438,59,2
439,55,2
439,59,2
440,57,2
440,60,2
440,64,2
441,55,2
441,59,2
442,55,2
442,59,2
443,55,2
443,59,2
444,57,2
444,60,2
444,64,2
445,52,2
445,55,2
445,59,2
446,52,2
446,55,2
446,59,2
447,52,2
447,55,2
447,59,2
448,57,2
448,60,2
448,64,2
449,57,2
449,60,2
449,64,2
450,55,2
450,59,2
450,62,2
451,50,2
451,54,2
451,57,2
452,52,2
452,55,2
452,59,2
453,52,2
453,55,2
453,59,2
454,52,2
454,55,2
454,59,2
455,57,2
455,60,2
455,64,2
456,52,2
456,55,2
456,59,2
457,52,2
457,55,2
457,59,2
458,52,2
458,55,2
458,59,2
459,57,2
459,60,2
459,64,2
460,52,2
460,55,2
460,59,2
461,52,2
461,55,2
461,59,2
462,52,2
462,55,2
462,59,2
463,52,2
463,59,2
463,62,2
464,52,2
464,55,2
464,59,2
465,52,2
465,55,2
465,59,2
466,52,2
466,55,2
466,59,2
467,52,2
467,59,2
467,62,2
468,52,2
468,55,2
468,59,2
469,52,2
469,55,2
469,59,2
470,52,2
470,55,2
470,59,2
471,52,2
471,59,2
471,62,2
472,52,2
472,55,2
472,59,2
473,52,2
473,55,2
473,59,2
474,52,2
474,55,2
474,59,2
475,52,2
475,59,2
475,62,2
476,52,2
476,55,2
476,59,2
477,52,2
477,55,2
477,59,2
478,52,2
478,55,2
478,59,2
479,52,2
479,55,2
479,59,2
480,52,2
480,59,2
481,55,2
481,62,2
482,52,2
482,59,2
483,55,2
483,62,2
484,52,2
484,59,2
485,55,2
485,62,2
486,52,2
486,59,2
487,55,2
487,62,2
488,52,2
488,59,2
489,55,2
489,62,2
490,52,2
490,59,2
491,55,2
491,62,2
492,64,2
492,71,2
493,67,2
493,74,2
494,64,2
494,71,2
495,67,2
495,74,2
496,76,2
496,79,2
496,83,2
497,76,2
497,79,2
497,83,2
498,76,2
498,79,2
498,83,2
499,76,2
499,79,2
499,83,2
500,76,2
500,79,2
500,83,2
501,76,2
501,79,2
501,83,2
502,76,2
502,79,2
502,83,2
503,81,2
503,84,2
503,88,2
504,81,2
504,84,2
504,88,2
505,81,2
505,84,2
505,88,2
506,81,2
506,84,2
506,88,2
507,79,2
507,83,2
507,86,2
508,79,2
508,83,2
508,86,2
509,79,2
509,83,2
509,86,2
510,79,2
510,83,2
510,86,2
511,74,2
511,78,2
511,81,2
512,76,2
512,79,2
512,83,2
513,76,2
513,79,2
513,83,2
514,76,2
514,79,2
514,83,2
515,76,2
515,79,2
515,83,2
516,76,2
516,79,2
516,83,2
517,76,2
517,79,2
517,83,2
518,76,2
518,79,2
518,83,2
519,81,2
519,84,2
519,88,2
520,76,2
520,79,2
520,83,2
521,76,2
521,79,2
521,83,2
522,76,2
522,79,2
522,83,2
523,76,2
523,79,2
523,83,2
524,76,2
524,79,2
524,83,2
525,76,2
525,79,2
525,83,2
526,76,2
526,79,2
526,83,2
527,81,2
527,84,2
527,88,2
528,76,2
528,79,2
528,83,2
529,76,2
529,79,2
529,83,2
530,76,2
530,79,2
530,83,2
531,76,2
531,79,2
531,83,2
532,76,2
532,79,2
532,83,2
533,76,2
533,79,2
533,83,2
534,76,2
534,79,2
534,83,2
535,69,2
535,72,2
535,76,2
536,69,2
536,72,2
536,76,2
537,69,2
537,72,2
537,76,2
538,69,2
538,72,2
538,76,2
539,67,2
539,71,2
539,74,2
540,67,2
540,71,2
540,74,2
541,67,2
541,71,2
541,74,2
542,67,2
542,71,2
542,74,2
543,62,2
543,66,2
543,69,2
544,64,2
544,67,2
544,81,2
545,64,2
545,67,2
545,81,2
546,64,2
546,67,2
546,81,2
547,64,2
547,67,2
547,81,2
548,64,2
548,67,2
548,81,2
549,64,2
549,67,2
549,81,2
550,64,2
550,67,2
550,81,2
551,57,2
551,60,2
551,64,2
552,52,2
552,55,2
552,59,2
553,40,2
554,28,2
555,40,2
556,28,2
557,40,2
558,40,2
559,28,2
560,40,2
561,28,2
562,45,2
563,45,2
564,33,2
565,45,2
566,33,2
567,43,2
568,43,2
569,31,2
570,43,2
571,31,2
572,38,2
573,40,2
574,28,2
575,40,2
576,28,2
577,40,2
578,40,2
579,28,2
580,40,2
581,28,2
582,45,2
583,40,2
584,28,2
585,40,2
586,28,2
587,40,2
588,40,2
589,28,2
590,40,2
591,28,2
592,45,2
593,40,2
594,28,2
595,40,2
596,28,2
597,40,2
598,40,2
599,28,2
600,40,2
601,28,2
602,45,2
603,45,2
604,30,2
605,45,2
606,30,2
607,43,2
608,43,2
609,31,2
610,43,2
611,31,2
0,76,3
0,88,3
1,88,3
1,100,3
2,76,3
2,88,3
3,88,3
3,100,3
4,71,3
5,71,3
6,71,3
7,71,3
8,71,3
9,74,3
10,71,3
11,71,3
12,71,3
13,71,3
14,71,3
15,71,3
16,71,3
17,71,3
18,71,3
19,71,3
20,71,3
21,71,3
22,71,3
23,71,3
24,71,3
25,71,3
26,71,3
27,71,3
28,71,3
29,71,3
30,71,3
31,71,3
32,71,3
33,71,3
34,71,3
35,71,3
36,71,3
37,71,3
38,71,3
39,71,3
40,71,3
41,71,3
42,71,3
43,71,3
44,71,3
45,71,3
46,71,3
47,71,3
48,71,3
49,71,3
50,71,3
51,71,3
52,71,3
53,71,3
54,71,3
55,71,3
56,71,3
57,71,3
58,71,3
59,71,3
60,71,3
61,71,3
62,71,3
63,71,3
64,71,3
65,71,3
66,71,3
67,71,3
68,71,3
69,71,3
70,71,3
71,71,3
72,71,3
73,71,3
74,71,3
75,71,3
76,71,3
77,76,3
78,76,3
79,76,3
80,76,3
81,76,3
82,76,3
83,76,3
84,74,3
85,74,3
86,74,3
87,74,3
88,74,3
89,74,3
90,74,3
91,69,3
92,69,3
93,71,3
94,71,3
95,71,3
96,71,3
97,71,3
98,71,3
99,71,3
100,71,3
101,71,3
102,71,3
103,71,3
104,71,3
105,76,3
106,76,3
107,71,3
108,71,3
109,71,3
110,71,3
111,71,3
112,71,3
113,71,3
114,71,3
115,71,3
116,71,3
117,71,3
118,71,3
119,76,3
120,76,3
121,71,3
122,71,3
123,71,3
124,71,3
125,71,3
126,71,3
127,71,3
128,71,3
129,71,3
130,71,3
131,71,3
132,71,3
133,76,3
134,76,3
135,76,3
136,76,3
137,76,3
138,76,3
139,76,3
140,74,3
141,74,3
142,74,3
143,74,3
144,74,3
145,74,3
146,74,3
147,69,3
148,69,3
150,71,3
151,71,3
152,71,3
153,71,3
154,71,3
155,71,3
156,71,3
157,71,3
158,71,3
159,71,3
160,71,3
161,71,3
162,76,3
163,76,3
164,71,3
165,71,3
166,71,3
167,71,3
168,71,3
169,71,3
170,71,3
171,71,3
172,71,3
173,71,3
174,71,3
175,71,3
176,76,3
177,76,3
178,71,3
179,71,3
180,71,3
181,71,3
182,71,3
183,71,3
184,71,3
185,71,3
186,71,3
187,71,3
188,71,3
189,71,3
190,76,3
191,76,3
192,76,3
193,76,3
194,76,3
195,76,3
196,76,3
197,74,3
198,74,3
199,74,3
200,74,3
201,74,3
202,74,3
203,74,3
204,69,3
205,69,3
206,71,3
207,71,3
208,71,3
209,71,3
210,71,3
211,71,3
212,71,3
213,71,3
214,71,3
215,71,3
216,71,3
217,71,3
218,76,3
219,76,3
220,71,3
221,71,3
222,71,3
223,71,3
224,71,3
225,71,3
226,71,3
227,71,3
228,71,3
229,71,3
230,71,3
231,71,3
232,76,3
233,76,3
234,71,3
235,71,3
236,71,3
237,71,3
238,71,3
239,71,3
240,71,3
241,71,3
242,71,3
243,71,3
244,71,3
245,71,3
246,76,3
247,76,3
248,76,3
249,76,3
250,76,3
251,76,3
252,76,3
253,74,3
254,74,3
255,74,3
256,74,3
257,74,3
258,74,3
259,74,3
260,69,3
261,69,3
262,71,3
263,71,3
264,71,3
265,71,3
266,71,3
267,71,3
268,71,3
269,71,3
270,71,3
271,71,3
272,71,3
273,71,3
274,76,3
275,76,3
276,71,3
277,71,3
278,71,3
279,71,3
280,71,3
281,71,3
282,71,3
283,71,3
284,71,3
285,71,3
286,71,3
287,71,3
288,76,3
289,76,3
290,71,3
291,71,3
292,71,3
293,71,3
294,71,3
295,71,3
296,71,3
297,71,3
298,71,3
299,71,3
300,71,3
301,71,3
302,71,3
303,74,3
304,71,3
305,71,3
306,71,3
307,71,3
308,71,3
309,71,3
310,71,3
311,71,3
312,71,3
313,74,3
314,74,3
315,71,3
316,71,3
317,71,3
318,71,3
319,71,3
320,71,3
321,71,3
322,71,3
323,71,3
324,71,3
325,76,3
326,76,3
327,76,3
328,76,3
329,76,3
330,76,3
331,74,3
332,74,3
333,74,3
334,74,3
335,74,3
336,74,3
337,69,3
338,69,3
339,71,3
340,71,3
341,71,3
342,71,3
343,71,3
344,71,3
345,71,3
346,71,3
347,71,3
348,71,3
349,71,3
350,74,3
351,71,3
352,71,3
353,71,3
354,71,3
355,71,3
356,71,3
357,71,3
358,71,3
359,71,3
360,74,3
361,74,3
362,71,3
363,71,3
364,71,3
365,71,3
366,71,3
367,71,3
368,71,3
369,71,3
370,71,3
371,71,3
372,76,3
373,76,3
374,76,3
375,76,3
376,76,3
377,76,3
378,74,3
379,74,3
380,74,3
381,74,3
382,74,3
383,74,3
384,69,3
385,69,3
386,71,3
387,71,3
388,71,3
389,71,3
390,71,3
391,71,3
392,71,3
393,71,3
394,71,3
395,74,3
396,74,3
397,71,3
398,71,3
399,71,3
400,71,3
401,71,3
402,71,3
403,71,3
404,71,3
405,71,3
406,74,3
407,74,3
408,64,3
408,71,3
409,71,3
410,64,3
410,71,3
411,64,3
411,71,3
412,64,3
412,71,3
413,71,3
414,64,3
414,71,3
415,71,3
416,64,3
416,71,3
417,67,3
417,74,3
418,67,3
418,74,3
419,64,3
419,71,3
420,71,3
421,64,3
421,71,3
422,64,3
422,71,3
423,64,3
423,71,3
424,71,3
425,64,3
425,71,3
426,71,3
427,64,3
427,71,3
428,67,3
428,74,3
429,67,3
429,74,3
430,64,3
430,71,3
431,71,3
432,64,3
432,71,3
433,67,3
433,74,3
434,67,3
434,74,3
435,64,3
435,71,3
436,71,3
437,64,3
437,71,3
438,67,3
438,74,3
439,67,3
439,74,3
440,64,3
440,71,3
441,71,3
442,64,3
442,71,3
443,67,3
443,74,3
444,67,3
444,74,3
445,64,3
445,71,3
446,71,3
447,64,3
447,71,3
448,67,3
448,74,3
449,67,3
449,74,3
450,64,3
450,71,3
451,71,3
452,67,3
452,74,3
453,64,3
453,71,3
454,71,3
455,67,3
455,74,3
456,64,3
456,71,3
457,71,3
458,67,3
458,74,3
459,64,3
459,71,3
460,71,3
461,67,3
461,74,3
462,64,3
462,71,3
463,71,3
464,67,3
464,74,3
465,64,3
465,71,3
466,71,3
467,67,3
467,74,3
468,64,3
468,71,3
469,71,3
470,67,3
470,74,3
471,64,3
471,71,3
472,71,3
473,67,3
473,74,3
473,76,3
474,52,3
474,55,3
474,59,3
475,52,3
475,55,3
475,59,3
476,52,3
476,55,3
476,59,3
477,52,3
477,55,3
477,59,3
478,52,3
478,55,3
478,59,3
479,57,3
479,60,3
479,64,3
480,52,3
480,55,3
480,59,3
481,52,3
481,55,3
481,59,3
482,52,3
482,55,3
482,59,3
483,52,3
483,55,3
483,59,3
484,52,3
484,55,3
484,59,3
485,57,3
485,60,3
485,64,3
486,52,3
486,55,3
486,59,3
487,52,3
487,55,3
487,59,3
488,52,3
488,55,3
488,59,3
489,52,3
489,55,3
489,59,3
490,52,3
490,55,3
490,59,3
491,57,3
491,60,3
491,64,3
492,57,3
492,60,3
492,64,3
493,57,3
493,60,3
493,64,3
494,55,3
494,59,3
494,62,3
495,55,3
495,59,3
495,62,3
496,55,3
496,59,3
496,62,3
497,50,3
497,54,3
497,57,3
498,52,3
498,55,3
498,59,3
499,52,3
499,55,3
499,59,3
500,52,3
500,55,3
500,59,3
501,52,3
501,55,3
501,59,3
502,52,3
502,55,3
502,59,3
503,57,3
503,60,3
503,64,3
504,52,3
504,55,3
504,59,3
505,52,3
505,55,3
505,59,3
506,52,3
506,55,3
506,59,3
507,52,3
507,55,3
507,59,3
508,52,3
508,55,3
508,59,3
509,57,3
509,60,3
509,64,3
510,52,3
510,55,3
510,59,3
511,52,3
511,55,3
511,59,3
512,52,3
512,55,3
512,59,3
513,52,3
513,55,3
513,59,3
514,52,3
514,55,3
514,59,3
515,57,3
515,60,3
515,64,3
516,57,3
516,60,3
516,64,3
517,57,3
517,60,3
517,64,3
518,55,3
518,59,3
518,62,3
519,55,3
519,59,3
519,62,3
520,55,3
520,59,3
520,62,3
521,50,3
521,54,3
521,57,3
522,52,3
522,55,3
522,59,3
523,52,3
523,55,3
523,59,3
524,52,3
524,55,3
524,59,3
525,52,3
525,55,3
525,59,3
526,52,3
526,55,3
526,59,3
527,57,3
527,60,3
527,64,3
528,52,3
528,55,3
528,59,3
529,52,3
529,55,3
529,59,3
530,52,3
530,55,3
530,59,3
531,52,3
531,55,3
531,59,3
532,52,3
532,55,3
532,59,3
533,57,3
533,60,3
533,64,3
534,52,3
534,55,3
534,59,3
534,64,3
534,67,3
534,71,3
535,52,3
535,55,3
535,59,3
535,64,3
535,67,3
535,71,3
536,52,3
536,55,3
536,59,3
536,64,3
536,67,3
536,71,3
537,52,3
537,55,3
537,59,3
537,64,3
537,67,3
537,71,3
538,52,3
538,55,3
538,59,3
538,64,3
538,67,3
538,71,3
539,55,3
539,59,3
539,62,3
539,67,3
539,71,3
539,74,3
540,55,3
540,59,3
540,62,3
540,67,3
540,71,3
540,74,3
541,55,3
541,59,3
541,62,3
541,67,3
541,71,3
541,74,3
542,50,3
542,54,3
542,57,3
542,62,3
542,66,3
542,69,3
543,52,3
543,55,3
543,59,3
543,64,3
543,67,3
543,71,3
544,52,3
544,55,3
544,59,3
544,64,3
544,67,3
544,71,3
545,52,3
545,55,3
545,59,3
545,64,3
545,67,3
545,71,3
546,52,3
546,55,3
546,59,3
546,64,3
546,67,3
546,71,3
547,52,3
547,55,3
547,59,3
547,64,3
547,67,3
547,71,3
548,57,3
548,60,3
548,64,3
548,69,3
548,72,3
548,76,3
549,52,3
549,55,3
549,59,3
549,64,3
549,67,3
549,71,3
550,52,3
550,55,3
550,59,3
550,64,3
550,67,3
550,71,3
551,52,3
551,55,3
551,59,3
551,64,3
551,67,3
551,71,3
552,52,3
552,55,3
552,59,3
552,64,3
552,67,3
552,71,3
553,52,3
553,55,3
553,59,3
553,64,3
553,67,3
553,71,3
554,57,3
554,60,3
554,64,3
554,69,3
554,72,3
554,76,3
555,64,3
555,67,3
555,71,3
556,71,3
557,71,3
558,64,3
558,67,3
558,71,3
559,71,3
560,64,3
560,67,3
561,64,3
561,67,3
562,64,3
562,67,3
563,64,3
563,67,3
564,64,3
564,67,3
565,64,3
565,67,3
566,64,3
566,67,3
567,64,3
567,67,3
568,64,3
568,67,3
569,74,3
570,64,3
570,67,3
571,64,3
571,67,3
571,71,3
572,71,3
573,71,3
574,64,3
574,67,3
574,71,3
575,71,3
576,64,3
576,67,3
577,64,3
577,67,3
578,64,3
578,67,3
579,64,3
579,67,3
580,64,3
580,67,3
581,64,3
581,67,3
582,64,3
582,67,3
583,64,3
583,67,3
584,64,3
584,67,3
585,74,3
586,64,3
586,67,3
587,64,3
587,67,3
587,71,3
588,71,3
588,71,3
589,64,3
589,67,3
589,71,3
590,71,3
591,64,3
591,67,3
592,64,3
592,67,3
593,64,3
593,67,3
594,64,3
594,67,3
595,64,3
595,67,3
596,64,3
596,67,3
597,64,3
597,67,3
598,64,3
598,67,3
599,64,3
599,67,3
600,72,3
601,67,3
601,71,3
601,76,3
602,76,3
603,67,3
603,71,3
603,76,3
604,76,3
605,76,3
606,67,3
606,71,3
606,76,3
607,76,3
608,67,3
608,71,3
608,74,3
609,67,3
609,71,3
610,67,3
610,71,3
611,67,3
611,71,3
612,67,3
612,71,3
613,67,3
613,71,3
614,67,3
614,71,3
615,67,3
615,71,3
616,67,3
616,71,3
617,67,3
617,71,3
618,67,3
618,71,3
619,67,3
619,71,3
620,67,3
620,71,3
621,67,3
621,71,3
622,67,3
622,71,3
623,67,3
623,71,3
624,67,3
624,71,3
625,67,3
625,71,3
626,67,3
626,71,3
627,67,3
627,71,3
628,67,3
628,71,3
629,67,3
629,71,3
630,67,3
630,71,3
631,67,3
631,71,3
632,67,3
632,71,3
633,67,3
633,71,3
634,67,3
634,71,3
635,67,3
635,71,3
636,67,3
636,71,3
637,67,3
637,71,3
638,67,3
638,71,3
639,74,3
640,67,3
640,71,3
641,67,3
641,71,3
642,67,3
642,71,3
643,67,3
643,71,3
644,67,3
644,71,3
645,67,3
645,71,3
646,67,3
646,71,3
647,67,3
647,71,3
648,67,3
648,71,3
649,67,3
649,71,3
650,67,3
650,71,3
651,67,3
651,71,3
652,67,3
652,71,3
653,67,3
653,71,3
654,67,3
654,71,3
655,67,3
655,71,3
656,67,3
656,71,3
657,67,3
657,71,3
658,67,3
658,71,3
659,67,3
659,71,3
660,67,3
660,71,3
661,67,3
661,71,3
662,67,3
662,71,3
663,67,3
663,71,3
664,67,3
664,71,3
665,67,3
665,71,3
666,67,3
666,71,3
667,67,3
667,71,3
668,67,3
668,71,3
669,67,3
669,71,3
670,67,3
670,71,3
671,67,3
671,71,3
672,67,3
672,71,3
673,67,3
673,71,3
674,67,3
674,71,3
675,67,3
675,71,3
676,67,3
676,71,3
677,67,3
677,71,3
678,67,3
678,71,3
679,67,3
679,71,3
680,67,3
680,71,3
681,67,3
681,71,3
682,67,3
682,71,3
683,67,3
683,71,3
684,67,3
684,71,3
685,67,3
685,71,3
686,67,3
686,71,3
687,67,3
687,71,3
688,67,3
688,71,3
689,67,3
689,71,3
690,67,3
690,71,3
691,67,3
691,71,3
692,67,3
692,71,3
693,67,3
693,71,3
694,67,3
694,71,3
695,67,3
695,71,3
696,67,3
696,71,3
697,67,3
697,71,3
698,67,3
698,71,3
699,67,3
699,71,3
700,67,3
700,71,3
701,67,3
701,71,3
702,67,3
702,71,3
703,67,3
703,71,3
704,67,3
704,71,3
705,67,3
705,71,3
706,67,3
706,71,3
707,67,3
707,71,3
708,67,3
708,71,3
709,67,3
709,71,3
710,67,3
710,71,3
711,67,3
711,71,3
712,67,3
712,71,3
713,67,3
713,71,3
714,67,3
714,71,3
715,67,3
715,71,3
716,67,3
716,71,3
717,67,3
717,71,3
718,67,3
718,71,3
719,67,3
719,71,3
720,67,3
720,71,3
721,67,3
721,71,3
722,67,3
722,71,3
723,67,3
723,71,3
724,67,3
724,71,3
725,67,3
725,71,3
726,67,3
726,71,3
727,67,3
727,71,3
728,67,3
728,71,3
729,67,3
729,71,3
730,67,3
730,71,3
731,67,3
731,71,3
732,67,3
732,71,3
733,67,3
733,71,3
734,67,3
734,71,3
735,67,3
735,71,3
736,67,3
736,71,3
737,67,3
737,71,3
738,67,3
738,71,3
739,67,3
739,71,3
740,67,3
740,71,3
741,67,3
741,71,3
742,67,3
742,71,3
743,67,3
743,71,3
744,67,3
744,71,3
745,67,3
745,71,3
746,67,3
746,71,3
747,67,3
747,71,3
748,67,3
748,71,3
749,67,3
749,71,3
750,67,3
750,71,3
751,67,3
751,71,3
752,67,3
752,71,3
753,72,3
753,76,3
754,72,3
754,76,3
755,72,3
755,76,3
756,72,3
756,76,3
757,72,3
757,76,3
758,72,3
758,76,3
759,72,3
759,76,3
760,71,3
760,74,3
761,71,3
761,74,3
762,71,3
762,74,3
763,71,3
763,74,3
764,71,3
764,74,3
765,71,3
765,74,3
766,71,3
766,74,3
767,66,3
767,69,3
768,66,3
768,69,3
769,67,3
769,71,3
770,67,3
770,71,3
771,67,3
771,71,3
772,67,3
772,71,3
773,67,3
773,71,3
774,67,3
774,71,3
775,67,3
775,71,3
776,67,3
776,71,3
777,67,3
777,71,3
778,67,3
778,71,3
779,67,3
779,71,3
780,67,3
780,71,3
781,72,3
781,76,3
782,72,3
782,76,3
783,67,3
783,71,3
784,67,3
784,71,3
785,67,3
785,71,3
786,67,3
786,71,3
787,67,3
787,71,3
788,67,3
788,71,3
789,67,3
789,71,3
790,67,3
790,71,3
791,67,3
791,71,3
792,67,3
792,71,3
793,67,3
793,71,3
794,67,3
794,71,3
795,72,3
795,76,3
796,72,3
796,76,3
797,67,3
797,71,3
798,67,3
798,71,3
799,67,3
799,71,3
800,67,3
800,71,3
801,67,3
801,71,3
802,67,3
802,71,3
803,67,3
803,71,3
804,67,3
804,71,3
805,67,3
805,71,3
806,67,3
806,71,3
807,67,3
807,71,3
808,67,3
808,71,3
809,72,3
809,76,3
810,72,3
810,76,3
811,72,3
811,76,3
812,72,3
812,76,3
813,72,3
813,76,3
814,72,3
814,76,3
815,72,3
815,76,3
816,71,3
816,74,3
817,71,3
817,74,3
818,71,3
818,74,3
819,71,3
819,74,3
820,71,3
820,74,3
821,71,3
821,74,3
822,71,3
822,74,3
823,66,3
823,69,3
824,66,3
824,69,3
825,67,3
825,71,3
826,67,3
826,71,3
827,67,3
827,71,3
828,67,3
828,71,3
829,67,3
829,71,3
830,67,3
830,71,3
831,67,3
831,71,3
832,67,3
832,71,3
833,67,3
833,71,3
834,67,3
834,71,3
835,67,3
835,71,3
836,67,3
836,71,3
837,72,3
837,76,3
838,72,3
838,76,3
839,67,3
839,71,3
840,67,3
840,71,3
841,67,3
841,71,3
842,67,3
842,71,3
843,67,3
843,71,3
844,67,3
844,71,3
845,67,3
845,71,3
846,67,3
846,71,3
847,67,3
847,71,3
848,67,3
848,71,3
849,67,3
849,71,3
850,67,3
850,71,3
851,72,3
851,76,3
852,72,3
852,76,3
853,67,3
853,71,3
854,67,3
854,71,3
855,67,3
855,71,3
856,67,3
856,71,3
857,67,3
857,71,3
858,67,3
858,71,3
859,67,3
859,71,3
860,67,3
860,71,3
861,67,3
861,71,3
862,67,3
862,71,3
863,67,3
863,71,3
864,67,3
864,71,3
865,72,3
865,76,3
866,72,3
866,76,3
867,72,3
867,76,3
868,72,3
868,76,3
869,72,3
869,76,3
870,72,3
870,76,3
871,72,3
871,76,3
872,71,3
872,74,3
873,71,3
873,74,3
874,71,3
874,74,3
875,71,3
875,74,3
876,71,3
876,74,3
877,71,3
877,74,3
878,71,3
878,74,3
879,66,3
879,69,3
880,66,3
880,69,3
881,67,3
881,71,3
882,67,3
882,71,3
883,67,3
883,71,3
884,67,3
884,71,3
885,67,3
885,71,3
886,67,3
886,71,3
887,67,3
887,71,3
888,67,3
888,71,3
889,67,3
889,71,3
890,67,3
890,71,3
891,67,3
891,71,3
892,67,3
892,71,3
893,72,3
893,76,3
894,72,3
894,76,3
895,67,3
895,71,3
896,67,3
896,71,3
897,67,3
897,71,3
898,67,3
898,71,3
899,67,3
899,71,3
900,67,3
900,71,3
901,67,3
901,71,3
902,67,3
902,71,3
903,67,3
904,71,3
905,67,3
905,71,3
906,67,3
906,71,3
907,67,3
907,71,3
908,72,3
908,76,3
909,72,3
909,76,3
910,67,3
910,71,3
911,67,3
911,71,3
912,67,3
912,71,3
913,67,3
913,71,3
914,67,3
914,71,3
915,67,3
915,71,3
916,67,3
916,71,3
917,67,3
917,71,3
918,67,3
918,71,3
919,67,3
919,71,3
920,67,3
920,71,3
921,67,3
921,71,3
922,72,3
922,76,3
923,72,3
923,76,3
924,72,3
924,76,3
925,72,3
925,76,3
926,72,3
926,76,3
927,72,3
927,76,3
928,72,3
928,76,3
929,72,3
929,76,3
930,72,3
930,76,3
931,71,3
931,74,3
932,71,3
932,74,3
933,71,3
933,74,3
934,71,3
934,74,3
935,71,3
935,74,3
936,71,3
936,74,3
937,71,3
937,74,3
938,66,3
938,69,3
939,66,3
939,69,3
940,67,3
940,71,3
941,67,3
941,71,3
942,67,3
942,71,3
943,67,3
943,71,3
944,67,3
944,71,3
945,67,3
945,71,3
946,67,3
946,71,3
947,67,3
947,71,3
948,67,3
948,71,3
949,67,3
949,71,3
950,67,3
950,71,3
951,67,3
951,71,3
952,72,3
952,76,3
953,72,3
953,76,3
954,67,3
954,71,3
955,67,3
955,71,3
956,67,3
956,71,3
957,67,3
957,71,3
958,67,3
958,71,3
959,67,3
959,71,3
960,67,3
960,71,3
961,67,3
961,71,3
962,67,3
962,71,3
963,67,3
963,71,3
964,67,3
964,71,3
965,67,3
965,71,3
966,72,3
966,76,3
967,72,3
967,76,3
968,71,3
969,71,3
970,71,3
971,71,3
972,71,3
973,71,3
974,71,3
975,71,3
976,71,3
977,74,3
978,74,3
979,71,3
980,71,3
981,71,3
982,71,3
983,71,3
984,71,3
985,71,3
986,71,3
987,71,3
988,74,3
989,74,3
990,64,3
990,71,3
991,71,3
992,64,3
992,71,3
993,64,3
993,71,3
994,64,3
994,71,3
995,71,3
996,64,3
996,71,3
997,71,3
998,64,3
998,71,3
999,67,3
999,74,3
1000,67,3
1000,74,3
1001,64,3
1001,71,3
1002,71,3
1003,64,3
1003,71,3
1004,64,3
1004,71,3
1005,64,3
1005,71,3
1006,71,3
1007,64,3
1007,71,3
1008,71,3
1009,64,3
1009,71,3
1010,67,3
1011,74,3
1012,67,3
1012,74,3
1013,64,3
1013,71,3
1014,71,3
1015,64,3
1015,71,3
1016,67,3
1016,74,3
1017,67,3
1017,74,3
1018,64,3
1018,71,3
1019,71,3
1020,64,3
1020,71,3
1021,67,3
1021,74,3
1022,67,3
1022,74,3
1023,64,3
1023,71,3
1024,71,3
1025,64,3
1025,71,3
1026,67,3
1026,74,3
1027,67,3
1027,74,3
1028,64,3
1028,71,3
1029,71,3
1030,64,3
1030,71,3
1031,67,3
1031,74,3
1032,67,3
1032,74,3
1033,64,3
1033,71,3
1034,71,3
1035,67,3
1035,74,3
1036,64,3
1036,71,3
1037,71,3
1038,67,3
1038,74,3
1039,64,3
1039,71,3
1040,71,3
1041,67,3
1041,74,3
1042,64,3
1042,71,3
1043,71,3
1044,67,3
1044,74,3
1045,76,3
1045,83,3
1046,83,3
1047,79,3
1047,86,3
1045,76,3
1045,83,3
1046,83,3
1047,79,3
1047,86,3
1048,76,3
1048,83,3
1049,83,3
1050,79,3
1050,86,3
1051,76,3
1051,83,3
1052,83,3
1053,79,3
1053,86,3
1054,95,3
1055,95,3
1056,95,3
1057,95,3
1058,95,3
1059,95,3
1060,95,3
1061,95,3
1062,95,3
1063,95,3
1064,95,3
1065,95,3
1066,100,3
1067,100,3
1068,100,3
1069,100,3
1070,100,3
1071,100,3
1072,100,3
1073,98,3
1074,98,3
1075,98,3
1076,98,3
1077,98,3
1078,98,3
1079,98,3
1080,93,3
1081,93,3
1082,95,3
1083,95,3
1084,95,3
1085,95,3
1086,95,3
1087,95,3
1088,95,3
1089,95,3
1090,95,3
1091,95,3
1092,95,3
1093,95,3
1094,100,3
1095,100,3
1096,95,3
1097,95,3
1098,95,3
1099,95,3
1100,95,3
1101,95,3
1102,95,3
1103,95,3
1104,95,3
1105,95,3
1106,95,3
1107,95,3
1108,100,3
1109,100,3
1110,95,3
1111,95,3
1112,95,3
1113,95,3
1114,95,3
1115,95,3
1116,95,3
1117,95,3
1118,95,3
1119,95,3
1120,95,3
1121,95,3
1122,88,3
1123,88,3
1124,88,3
1125,88,3
1126,88,3
1127,88,3
1128,88,3
1129,86,3
1130,86,3
1131,86,3
1132,86,3
1133,86,3
1134,86,3
1135,86,3
1136,81,3
1137,81,3
1138,83,3
1139,83,3
1140,83,3
1141,83,3
1142,83,3
1143,83,3
1144,83,3
1145,83,3
1146,83,3
1147,83,3
1148,83,3
1149,83,3
1150,76,3
1151,76,3
1152,71,3
1153,71,3
1154,71,3
1155,71,3
1156,71,3
1157,71,3
1158,71,3
1159,71,3
1160,71,3
1161,71,3
1162,71,3
1163,71,3
1164,76,3
1165,76,3